procesamiento -> [25, 42, 64, 64, 3, 3, 43, 28, 65, 65, 51, 5, 5, 18, 74, 74, 61, 29, 4, 68, 68, 4, 76, 76, 76, 26, 26, 26, 2, 30, 69, 67, 55, 74, 74, 11, 77, 67, 40, 56, 50, 13, 58, 14, 72, 45, 44, 19, 78, 44, 59, 59, 11]
inteligencia -> [25, 25, 15, 15, 28, 71, 6, 51, 1, 1, 1, 1, 18, 22, 4, 27, 4, 26, 26, 26, 6, 20, 20, 30, 30, 69, 69, 49, 70, 50, 7, 7, 32, 35, 22, 14, 72, 48, 17, 52, 52, 52, 45, 19, 78, 27, 60, 60, 57, 57, 57, 21, 59, 59, 52, 52, 52]
consulta -> [25, 25, 64, 64, 64, 64, 80, 3, 43, 28, 65, 65, 75, 75, 75, 51, 74, 75, 75, 75, 61, 61, 29, 27, 76, 46, 2, 2, 79, 30, 69, 67, 55, 37, 74, 67, 56, 56, 38, 58, 38, 72, 66, 66, 48, 48, 45, 41, 19, 78, 27, 57, 21, 8, 80, 10]
insercion -> [25, 80, 80, 15, 24, 24, 6, 34, 75, 51, 51, 12, 5, 16, 1, 18, 39, 39, 39, 75, 29, 4, 27, 68, 68, 34, 4, 23, 73, 46, 62, 26, 26, 6, 2, 2, 20, 20, 79, 33, 54, 49, 55, 55, 47, 11, 70, 63, 77, 40, 38, 38, 7, 73, 32, 32, 35, 16, 38, 38, 14, 72, 72, 48, 44, 41, 41, 41, 19, 78, 78, 44, 27, 62, 54, 57, 8, 8, 80, 80, 10, 39, 39, 39, 11]
memoria -> [42, 42, 64, 64, 80, 3, 3, 43, 43, 15, 15, 71, 65, 6, 6, 75, 75, 51, 51, 36, 1, 1, 18, 22, 75, 75, 29, 4, 4, 27, 27, 68, 4, 4, 23, 76, 46, 46, 62, 62, 26, 6, 6, 20, 20, 79, 79, 54, 55, 47, 47, 37, 37, 70, 63, 56, 56, 38, 58, 35, 35, 38, 31, 22, 14, 14, 72, 66, 52, 45, 19, 78, 27, 27, 62, 62, 54, 57, 8, 80, 52]
operador -> [25, 80, 43, 43, 43, 15, 28, 24, 34, 51, 12, 9, 5, 16, 16, 18, 74, 22, 61, 29, 4, 68, 34, 4, 62, 2, 2, 30, 30, 69, 69, 54, 67, 47, 37, 74, 11, 70, 70, 63, 63, 77, 67, 40, 40, 56, 50, 38, 16, 16, 38, 22, 14, 66, 48, 17, 17, 17, 52, 45, 19, 78, 78, 60, 60, 60, 62, 54, 57, 21, 80, 10, 10, 10, 52, 11]
indice -> [25, 25, 43, 43, 15, 24, 34, 34, 51, 12, 36, 1, 39, 39, 74, 22, 29, 27, 27, 34, 34, 23, 23, 76, 73, 46, 62, 62, 62, 26, 26, 69, 67, 67, 55, 47, 37, 74, 53, 53, 77, 67, 67, 56, 56, 50, 50, 7, 7, 7, 13, 73, 32, 58, 58, 31, 31, 22, 72, 66, 48, 17, 41, 19, 27, 27, 62, 62, 62, 21, 59, 39, 39]
sistema -> [25, 43, 28, 28, 24, 24, 65, 65, 6, 75, 51, 12, 9, 36, 36, 1, 39, 22, 75, 4, 27, 27, 4, 23, 76, 76, 73, 46, 46, 6, 2, 20, 20, 79, 33, 49, 67, 37, 53, 70, 77, 67, 50, 38, 38, 13, 73, 58, 35, 38, 38, 31, 31, 22, 66, 66, 48, 45, 44, 41, 19, 44, 27, 27, 21, 10, 59, 59, 39]
precision -> [25, 80, 3, 28, 28, 65, 6, 34, 75, 12, 9, 36, 18, 18, 22, 75, 29, 29, 4, 27, 68, 68, 34, 4, 23, 76, 76, 73, 6, 2, 20, 20, 79, 30, 33, 69, 49, 49, 37, 37, 53, 53, 11, 40, 50, 50, 50, 38, 7, 13, 73, 35, 38, 22, 14, 66, 48, 48, 27, 80, 11]
algoritmo -> [3, 43, 43, 15, 15, 28, 71, 71, 24, 65, 75, 75, 51, 51, 12, 9, 9, 9, 5, 36, 36, 1, 39, 74, 75, 75, 76, 62, 26, 2, 2, 79, 79, 30, 33, 54, 54, 54, 55, 55, 55, 55, 47, 37, 37, 74, 70, 63, 77, 50, 50, 7, 7, 13, 13, 58, 35, 31, 31, 66, 44, 19, 44, 60, 60, 62, 54, 54, 54, 21, 21, 10, 39]
rendimiento -> [25, 25, 42, 64, 64, 80, 15, 15, 71, 71, 71, 24, 24, 24, 75, 9, 9, 5, 36, 16, 1, 22, 22, 75, 29, 20, 20, 20, 20, 20, 20, 20, 20, 33, 49, 67, 55, 55, 53, 11, 11, 67, 40, 50, 50, 50, 38, 38, 13, 58, 35, 16, 38, 38, 31, 22, 22, 66, 45, 60, 57, 8, 80, 10, 10, 59, 11, 11]
funcion -> [25, 3, 43, 28, 28, 71, 6, 34, 34, 34, 75, 12, 9, 5, 16, 39, 39, 74, 22, 75, 27, 34, 34, 34, 23, 23, 76, 76, 73, 46, 46, 46, 62, 62, 62, 26, 6, 2, 2, 20, 20, 79, 30, 33, 54, 54, 54, 47, 74, 63, 56, 73, 58, 35, 16, 22, 14, 14, 72, 44, 19, 44, 27, 60, 62, 62, 62, 54, 54, 54, 57, 57, 21, 39, 39]
artificial -> [42, 64, 64, 80, 3, 43, 71, 24, 65, 75, 12, 5, 5, 36, 22, 75, 76, 73, 73, 73, 46, 26, 33, 33, 69, 54, 49, 67, 37, 53, 53, 11, 63, 63, 67, 7, 73, 73, 73, 58, 22, 72, 52, 44, 41, 78, 44, 60, 54, 80, 10, 59, 52, 11]
automatico -> [25, 25, 3, 3, 3, 15, 24, 24, 34, 34, 34, 9, 9, 5, 16, 1, 1, 1, 18, 39, 4, 4, 27, 34, 34, 34, 4, 4, 26, 30, 69, 54, 49, 55, 11, 56, 56, 13, 13, 32, 32, 58, 35, 16, 31, 66, 66, 17, 52, 52, 78, 27, 54, 21, 21, 8, 8, 8, 8, 8, 59, 39, 52, 52, 11]
tabla -> [25, 42, 42, 64, 64, 64, 64, 43, 71, 6, 6, 34, 34, 51, 18, 39, 39, 22, 29, 29, 4, 68, 34, 34, 4, 73, 73, 62, 62, 26, 6, 6, 20, 20, 79, 30, 33, 69, 69, 54, 67, 67, 67, 55, 55, 47, 53, 11, 70, 63, 63, 63, 77, 77, 77, 67, 67, 67, 50, 50, 38, 13, 73, 73, 58, 35, 35, 38, 22, 48, 17, 45, 44, 44, 41, 44, 44, 62, 62, 54, 21, 8, 10, 10, 39, 39, 11]
datos -> [25, 42, 64, 64, 64, 64, 80, 80, 3, 71, 24, 65, 6, 12, 36, 16, 16, 39, 61, 27, 68, 76, 62, 26, 6, 2, 33, 69, 49, 67, 67, 55, 11, 11, 70, 70, 67, 67, 50, 50, 58, 35, 16, 16, 14, 14, 66, 48, 52, 52, 45, 44, 44, 41, 78, 44, 44, 27, 62, 57, 80, 80, 59, 39, 52, 52, 11, 11]
busqueda -> [25, 64, 64, 80, 80, 3, 28, 28, 28, 71, 6, 34, 51, 51, 12, 9, 5, 36, 16, 16, 18, 18, 39, 39, 74, 22, 61, 29, 27, 27, 34, 6, 20, 20, 33, 69, 49, 67, 47, 74, 53, 70, 77, 77, 67, 56, 56, 7, 32, 32, 32, 58, 16, 16, 22, 14, 14, 66, 48, 17, 52, 78, 27, 27, 60, 8, 80, 80, 39, 39, 52]
colision -> [42, 64, 64, 71, 24, 65, 65, 51, 12, 12, 12, 12, 9, 5, 36, 16, 1, 61, 23, 76, 76, 2, 20, 20, 33, 49, 55, 47, 37, 37, 56, 56, 13, 58, 35, 16, 31, 45, 45, 45, 41, 41, 19, 60, 60, 8, 59]
corpus -> [42, 42, 28, 75, 9, 36, 1, 74, 74, 22, 75, 61, 61, 29, 29, 29, 68, 68, 68, 23, 73, 26, 2, 2, 2, 79, 30, 33, 49, 49, 67, 67, 55, 55, 47, 74, 74, 70, 63, 63, 67, 67, 40, 40, 56, 38, 7, 73, 38, 22, 14, 72, 66, 66, 48, 48, 48, 17, 17, 17, 17, 45, 78, 60, 60, 60, 57, 57, 21]
recall -> [42, 42, 43, 28, 71, 65, 34, 34, 75, 75, 51, 12, 5, 5, 5, 18, 18, 18, 39, 39, 74, 75, 75, 4, 27, 68, 34, 34, 4, 23, 73, 46, 46, 2, 79, 79, 33, 69, 54, 47, 37, 74, 11, 11, 11, 77, 40, 56, 38, 38, 13, 13, 73, 32, 38, 38, 14, 72, 72, 48, 48, 17, 41, 27, 54, 57, 8, 10, 10, 39, 39, 11, 11, 11]
aprendizaje -> [64, 64, 80, 3, 6, 51, 12, 9, 1, 18, 18, 22, 22, 61, 61, 27, 27, 73, 73, 73, 62, 6, 79, 30, 33, 47, 37, 38, 73, 73, 73, 32, 32, 32, 32, 35, 38, 22, 22, 66, 52, 52, 45, 44, 41, 44, 27, 27, 62, 57, 21, 21, 80, 10, 59, 52, 52]
vector -> [42, 42, 64, 64, 64, 64, 80, 71, 6, 34, 12, 5, 5, 36, 1, 74, 22, 61, 61, 61, 29, 68, 34, 23, 23, 76, 73, 6, 79, 69, 54, 47, 74, 53, 53, 53, 53, 70, 63, 63, 40, 40, 40, 38, 7, 13, 73, 32, 38, 31, 22, 72, 72, 66, 44, 19, 78, 44, 54, 21, 8, 80, 59]
resultado -> [42, 42, 64, 64, 80, 43, 15, 65, 6, 6, 75, 12, 5, 16, 16, 16, 1, 74, 74, 75, 4, 68, 4, 23, 23, 6, 6, 79, 30, 30, 33, 33, 49, 67, 74, 74, 53, 63, 77, 67, 40, 56, 50, 7, 7, 16, 16, 16, 14, 14, 17, 17, 52, 44, 44, 78, 44, 44, 57, 8, 80, 52]
motor -> [42, 64, 64, 80, 3, 3, 43, 15, 28, 24, 65, 6, 74, 61, 29, 29, 23, 46, 6, 2, 20, 20, 79, 30, 54, 54, 47, 74, 11, 70, 70, 40, 56, 13, 32, 58, 35, 35, 31, 31, 14, 72, 48, 41, 19, 19, 19, 78, 60, 54, 54, 57, 8, 80, 10, 59, 11]
estructura -> [64, 64, 80, 15, 15, 71, 71, 6, 51, 12, 12, 9, 5, 36, 16, 18, 39, 22, 22, 61, 61, 4, 4, 68, 4, 4, 23, 23, 73, 26, 6, 30, 69, 49, 67, 47, 11, 70, 77, 77, 77, 67, 40, 13, 13, 73, 32, 16, 22, 22, 72, 52, 52, 45, 45, 45, 45, 44, 41, 19, 44, 21, 8, 80, 10, 10, 59, 39, 52, 52, 11]
indexado -> [64, 64, 3, 3, 3, 15, 24, 24, 65, 6, 6, 75, 36, 1, 18, 75, 29, 4, 68, 4, 23, 73, 46, 46, 46, 62, 6, 6, 20, 20, 20, 20, 30, 30, 69, 69, 54, 67, 47, 37, 11, 70, 70, 77, 67, 40, 40, 38, 13, 73, 32, 32, 58, 58, 35, 38, 31, 14, 14, 17, 44, 41, 41, 44, 62, 54, 57, 10, 59, 11]
palabra -> [64, 64, 15, 28, 28, 71, 65, 34, 51, 9, 5, 16, 16, 18, 74, 22, 4, 27, 27, 34, 4, 76, 76, 73, 73, 46, 62, 79, 79, 30, 54, 67, 74, 53, 53, 11, 70, 63, 67, 40, 7, 73, 73, 58, 35, 16, 16, 31, 22, 72, 72, 66, 48, 17, 52, 44, 44, 41, 78, 78, 44, 44, 27, 27, 62, 54, 21, 52, 11]
evaluacion -> [80, 43, 15, 71, 24, 65, 6, 9, 36, 16, 16, 39, 39, 74, 61, 4, 4, 46, 62, 6, 20, 20, 69, 54, 49, 49, 55, 47, 47, 37, 74, 11, 70, 77, 40, 7, 13, 35, 16, 16, 17, 52, 45, 44, 44, 19, 78, 44, 44, 60, 60, 62, 54, 57, 21, 80, 10, 39, 39, 52, 11]
documento -> [80, 80, 43, 28, 71, 24, 65, 34, 34, 75, 75, 36, 36, 16, 18, 74, 75, 75, 61, 61, 4, 4, 68, 34, 34, 4, 4, 62, 26, 20, 20, 20, 20, 20, 20, 79, 54, 49, 49, 47, 37, 74, 63, 63, 56, 38, 38, 38, 7, 7, 13, 16, 38, 38, 38, 31, 31, 72, 17, 17, 52, 52, 41, 19, 19, 19, 78, 60, 62, 54, 57, 8, 80, 80, 59, 59, 52, 52]
