procesamiento -> [65, 25, 42, 64, 51, 43, 67, 3, 28, 69, 5, 18, 74, 61, 29, 68, 4, 76, 26, 2, 30, 55, 11, 13, 77, 40, 56, 50, 58, 78, 14, 72, 45, 44, 19, 59]
inteligencia -> [1, 25, 7, 71, 15, 28, 70, 6, 51, 18, 22, 4, 27, 26, 20, 30, 69, 49, 50, 32, 35, 78, 14, 72, 48, 17, 52, 45, 19, 60, 57, 21, 59]
consulta -> [65, 25, 80, 64, 75, 43, 67, 3, 28, 51, 10, 74, 61, 29, 27, 76, 46, 66, 2, 79, 30, 69, 55, 37, 56, 38, 58, 8, 72, 48, 45, 41, 19, 78, 57, 21]
insercion -> [25, 24, 16, 80, 79, 15, 70, 6, 34, 51, 11, 75, 12, 5, 1, 18, 39, 29, 68, 4, 27, 23, 73, 46, 62, 26, 2, 20, 33, 54, 49, 55, 47, 63, 77, 40, 38, 7, 32, 35, 78, 14, 8, 72, 48, 44, 41, 19, 57, 10]
memoria -> [42, 80, 64, 43, 3, 71, 79, 15, 1, 65, 70, 6, 75, 51, 36, 18, 22, 29, 68, 4, 27, 23, 76, 46, 62, 26, 20, 54, 55, 47, 37, 63, 56, 38, 58, 35, 31, 78, 14, 8, 72, 66, 52, 45, 19, 57]
operador -> [25, 24, 16, 80, 51, 43, 15, 28, 34, 12, 9, 69, 5, 18, 10, 74, 22, 61, 29, 68, 4, 62, 66, 2, 30, 54, 67, 47, 37, 11, 70, 63, 77, 40, 56, 50, 38, 78, 14, 48, 17, 52, 45, 19, 60, 57, 21]
indice -> [25, 51, 43, 15, 24, 34, 36, 76, 12, 1, 39, 74, 22, 29, 27, 23, 73, 46, 62, 26, 69, 67, 55, 47, 37, 53, 13, 77, 56, 50, 7, 32, 58, 31, 72, 66, 48, 17, 41, 19, 21, 59]
sistema -> [1, 65, 25, 51, 75, 43, 28, 24, 70, 6, 76, 12, 73, 9, 36, 39, 22, 4, 27, 23, 46, 66, 2, 20, 79, 33, 49, 67, 37, 53, 13, 77, 50, 38, 58, 35, 31, 48, 45, 44, 41, 19, 21, 10, 59]
precision -> [65, 25, 80, 11, 75, 3, 28, 6, 34, 76, 12, 73, 9, 36, 18, 22, 29, 68, 4, 27, 23, 66, 2, 20, 79, 30, 33, 69, 49, 37, 53, 40, 50, 38, 7, 13, 35, 14, 48]
algoritmo -> [75, 43, 3, 7, 71, 79, 15, 28, 24, 1, 65, 51, 76, 12, 9, 5, 36, 39, 10, 74, 62, 26, 66, 2, 30, 33, 54, 55, 47, 37, 70, 63, 13, 77, 50, 58, 35, 31, 44, 19, 60, 21]
rendimiento -> [25, 42, 24, 16, 80, 64, 71, 15, 11, 75, 9, 5, 36, 1, 22, 29, 20, 33, 49, 67, 55, 53, 40, 50, 38, 13, 58, 35, 31, 66, 45, 60, 57, 8, 10, 59]
funcion -> [25, 75, 43, 3, 28, 71, 6, 34, 76, 12, 73, 9, 5, 16, 39, 74, 22, 27, 23, 46, 62, 26, 2, 20, 79, 30, 33, 54, 47, 63, 56, 58, 35, 14, 72, 44, 19, 60, 57, 21]
artificial -> [42, 24, 80, 64, 43, 67, 3, 7, 71, 65, 11, 75, 76, 12, 69, 5, 36, 22, 73, 46, 26, 33, 54, 49, 37, 53, 63, 58, 72, 52, 44, 41, 78, 60, 10, 59]
automatico -> [9, 25, 3, 15, 16, 24, 34, 69, 5, 1, 18, 39, 4, 27, 26, 30, 54, 49, 55, 11, 56, 13, 32, 58, 35, 31, 66, 17, 52, 78, 21, 8, 59]
tabla -> [25, 34, 42, 64, 51, 43, 71, 70, 6, 18, 39, 22, 29, 68, 4, 73, 62, 26, 20, 79, 30, 33, 69, 54, 67, 55, 47, 53, 11, 63, 13, 77, 50, 38, 58, 35, 48, 17, 45, 44, 41, 21, 8, 10]
datos -> [65, 25, 42, 24, 16, 80, 64, 67, 3, 71, 70, 6, 76, 12, 36, 39, 61, 27, 68, 62, 26, 66, 2, 33, 69, 49, 55, 11, 50, 58, 35, 78, 14, 48, 52, 45, 44, 41, 57, 59]
busqueda -> [25, 16, 80, 64, 67, 3, 28, 7, 71, 70, 6, 34, 51, 12, 9, 69, 5, 36, 18, 39, 74, 22, 61, 29, 27, 20, 33, 49, 47, 53, 77, 56, 32, 58, 78, 14, 66, 48, 17, 52, 60, 8]
colision -> [42, 24, 64, 71, 9, 1, 65, 51, 76, 12, 5, 36, 16, 61, 23, 2, 20, 33, 49, 55, 47, 37, 56, 13, 58, 35, 31, 45, 41, 19, 60, 8, 59]
corpus -> [74, 42, 36, 28, 75, 1, 73, 9, 22, 61, 29, 68, 23, 26, 66, 2, 79, 30, 33, 49, 67, 55, 47, 70, 63, 40, 56, 38, 7, 78, 14, 72, 48, 17, 45, 60, 57, 21]
recall -> [34, 42, 51, 11, 75, 43, 28, 71, 65, 12, 69, 5, 18, 39, 10, 74, 68, 4, 27, 23, 73, 46, 2, 79, 33, 54, 47, 37, 13, 77, 40, 56, 38, 32, 14, 8, 72, 48, 17, 41, 57]
aprendizaje -> [80, 64, 51, 3, 6, 12, 1, 73, 9, 18, 22, 61, 27, 62, 79, 30, 33, 47, 37, 38, 32, 35, 66, 52, 45, 44, 41, 57, 21, 10, 59]
vector -> [34, 42, 80, 64, 7, 71, 70, 6, 76, 12, 69, 5, 36, 1, 74, 22, 61, 29, 68, 23, 73, 79, 54, 47, 53, 63, 40, 38, 13, 32, 31, 8, 72, 66, 44, 19, 78, 21, 59]
resultado -> [42, 16, 80, 64, 75, 43, 79, 15, 1, 65, 6, 12, 5, 74, 68, 4, 23, 30, 33, 49, 67, 53, 63, 77, 40, 56, 50, 7, 78, 14, 17, 52, 44, 57, 8]
motor -> [42, 24, 80, 64, 43, 3, 79, 15, 28, 65, 70, 6, 10, 74, 61, 29, 23, 46, 2, 20, 30, 54, 47, 11, 40, 56, 13, 32, 58, 35, 31, 78, 14, 8, 72, 48, 41, 19, 60, 57, 59]
estructura -> [16, 80, 64, 71, 15, 70, 6, 51, 12, 73, 9, 69, 5, 36, 18, 39, 22, 61, 68, 4, 23, 26, 30, 49, 67, 47, 11, 13, 77, 40, 32, 8, 72, 52, 45, 44, 41, 19, 21, 10, 59]
indexado -> [24, 64, 11, 75, 67, 3, 15, 1, 65, 70, 6, 36, 18, 29, 68, 4, 23, 73, 46, 62, 20, 30, 69, 54, 47, 37, 13, 77, 40, 38, 32, 58, 35, 31, 14, 17, 44, 41, 57, 10, 59]
palabra -> [64, 7, 71, 79, 15, 28, 73, 9, 65, 34, 51, 5, 16, 18, 74, 22, 4, 27, 76, 46, 62, 30, 54, 67, 53, 11, 70, 63, 40, 58, 35, 31, 72, 66, 48, 17, 52, 44, 41, 78, 21]
evaluacion -> [24, 16, 80, 43, 7, 71, 15, 9, 65, 70, 6, 36, 39, 10, 74, 61, 4, 46, 62, 20, 69, 54, 49, 55, 47, 37, 11, 13, 77, 40, 35, 17, 52, 45, 44, 19, 78, 60, 57, 21]
documento -> [24, 16, 80, 75, 43, 28, 7, 71, 65, 34, 36, 18, 74, 61, 68, 4, 62, 26, 20, 79, 54, 49, 47, 37, 63, 56, 38, 13, 31, 8, 72, 17, 52, 41, 19, 78, 60, 57, 59]
